100 100
1 1 1 1 1 1 1 1 1 1 1 1 1 1 1 1 1 1 1 1 1 1 1 1 1 1 1 1 1 1 1 1 1 1 1 1 1 1 1 1 1 1 1 1 1 1 1 1 1 1 1 1 1 1 1 1 1 1 1 1 1 1 1 1 1 1 1 1 1 1 1 1 1 1 1 1 1 1 1 1 1 1 1 1 1 1 1 1 1 1 1 1 1 1 1 1 1 1 1 1
2 56 74
1 85 86
2 57 87
3 33 1
3 66 1
3 86 1
1 87 96
3 41 1
3 31 1
1 57 61
2 99 99
1 29 95
3 64 1
1 38 61
1 33 97
1 65 79
3 66 1
1 71 71
1 21 61
2 96 97
2 85 85
1 61 89
2 91 91
3 31 1
2 13 37
1 13 89
3 91 1
1 81 96
3 81 1
2 13 53
2 23 27
3 61 1
3 29 1
1 1 13
2 41 81
1 25 26
2 89 100
3 96 1
3 76 1
1 81 91
2 45 53
2 97 97
3 85 1
2 57 79
2 7 41
1 11 89
2 26 65
3 21 1
1 24 55
2 41 53
1 7 55
1 5 33
3 66 1
3 91 1
1 41 80
1 35 39
1 58 58
3 19 1
1 41 69
3 2 1
3 63 1
1 33 49
3 92 1
1 9 85
2 91 92
2 1 45
3 51 1
3 9 1
2 94 100
2 7 71
1 1 1
3 93 1
3 98 1
2 51 73
2 9 77
2 65 83
1 85 96
1 71 99
2 7 51
1 81 92
1 53 100
1 80 92
2 21 76
1 39 89
3 51 1
1 33 85
1 93 93
2 100 100
3 22 1
3 19 1
2 33 99
1 73 95
1 97 97
2 76 81
1 85 94
3 81 1
1 11 55
3 39 1
1 25 50
2 34 68