100 100
1000000000 1000000000 1000000000 1000000000 1000000000 1000000000 1000000000 1000000000 1000000000 1000000000 1000000000 1000000000 1000000000 1000000000 1000000000 1000000000 1000000000 1000000000 1000000000 1000000000 1000000000 1000000000 1000000000 1000000000 1000000000 1000000000 1000000000 1000000000 1000000000 1000000000 1000000000 1000000000 1000000000 1000000000 1000000000 1000000000 1000000000 1000000000 1000000000 1000000000 1000000000 1000000000 1000000000 1000000000 1000000000 1000000000 1000000000 1000000000 1000000000 1000000000 1000000000 1000000000 1000000000 1000000000 1000000000 1000000000 1000000000 1000000000 1000000000 1000000000 1000000000 1000000000 1000000000 1000000000 1000000000 1000000000 1000000000 1000000000 1000000000 1000000000 1000000000 1000000000 1000000000 1000000000 1000000000 1000000000 1000000000 1000000000 1000000000 1000000000 1000000000 1000000000 1000000000 1000000000 1000000000 1000000000 1000000000 1000000000 1000000000 1000000000 1000000000 1000000000 1000000000 1000000000 1000000000 1000000000 1000000000 1000000000 1000000000 1000000000
3 38 1
2 89 99
2 62 75
1 81 88
3 51 1
1 19 67
1 11 54
3 37 1
1 81 89
3 89 1
1 21 65
2 96 97
2 77 77
1 13 84
1 13 50
2 5 25
2 69 82
2 46 48
3 77 1
1 52 69
2 37 47
1 81 88
2 45 45
1 1 69
3 22 1
2 66 97
1 23 79
3 45 1
1 93 93
3 61 1
2 93 98
1 71 89
3 55 1
3 85 1
2 45 59
3 76 1
3 85 1
2 86 95
3 21 1
2 30 81
3 33 1
1 29 61
1 57 60
3 41 1
1 52 74
2 47 77
2 76 78
3 57 1
1 41 41
2 7 63
1 73 95
2 26 92
1 16 73
1 10 21
1 7 51
2 1 53
1 39 68
2 85 85
1 1 51
2 26 67
1 96 96
1 13 62
2 36 62
2 26 93
3 21 1
1 69 85
3 96 1
2 66 85
3 76 1
2 6 86
2 17 35
2 31 59
3 31 1
1 99 100
3 31 1
2 1 73
2 69 76
2 6 81
3 25 1
2 33 84
2 1 1
3 11 1
1 51 95
3 5 1
1 81 84
3 42 1
2 1 92
1 73 76
1 45 85
3 1 1
2 29 45
1 6 84
1 87 91
2 54 75
2 1 41
2 33 47
1 25 89
3 57 1
1 6 53
3 85 1